31000	38.8561	-77.0512
31001	38.85725	-77.05332
31002	38.8564	-77.0492
31003	38.86017	-77.049593
31004	38.857866	-77.05949
31005	38.862303	-77.059936
31006	38.8637	-77.0633
31007	38.8573	-77.0511
31008	38.8629	-77.0528
31009	38.848441	-77.051516
31010	38.8426	-77.0502
31011	38.8533	-77.0498
31012	38.850688	-77.05152
31100	38.9003	-77.0429
31101	38.9176	-77.0321
31102	38.929464	-77.027822
31103	38.926088	-77.036536
31104	38.922925	-77.042581
31105	38.9268	-77.0322
31106	38.923203	-77.047637
31107	38.9319	-77.0388
31108	38.8767	-77.0178
31201	38.90985	-77.034438
31202	38.912682	-77.031681
31203	38.9086	-77.0323
31204	38.8963	-77.045
31205	38.9008	-77.047
31400	38.936043	-77.024649
31401	38.9375	-77.0328
31502	38.9346	-76.9955
31600	38.90304	-77.019027
31601	38.8896	-76.9769
31602	38.9308	-77.0315
31700	38.8601	-76.9672
31305	38.934267	-77.057979
31702	38.878	-76.9607
31703	38.897063	-76.947446
31704	38.901385	-76.941877
31801	38.862669	-76.994637
31802	38.867373	-76.988039
31206	38.8952	-77.0436
31500	38.919077	-77.000648
31111	38.9172	-77.0259
31207	38.9249	-77.0222
31209	38.8743	-77.0057
31110	38.9154	-77.0446
31109	38.9155	-77.0222
31013	38.854132	-77.053703
31208	38.8763	-77.0037
31200	38.9101	-77.0444
31603	38.9057	-77.0056
31212	38.90534	-77.046774
31213	38.90276	-77.03863
31604	38.899408	-77.015289
31605	38.8851	-77.0023
31606	38.8803	-76.9862
31607	38.884	-76.9861
31214	38.9121	-77.0387
31300	38.944551	-77.063896
31503	38.9126	-77.0135
31608	38.8792	-76.9953
31301	38.938736	-77.087171
31302	38.934751	-77.074647
31402	38.947774	-77.032818
31804	38.865784	-76.9784
31805	38.873057	-76.971015
31610	38.886952	-76.996806
31216	38.899632	-77.031686
31705	38.894	-76.947974
31217	38.887237	-77.028226
31215	38.9022212	-77.059219
31501	38.933668	-76.991016
31220	38.894919	-77.046587
31218	38.886266	-77.022241
31219	38.893028	-77.026013
31211	38.895184	-77.054845
31613	38.884	-76.995397
31221	38.904742	-77.041606
31303	38.947607	-77.079382
31611	38.9003	-76.9882
31620	38.897222	-77.019347
31222	38.8991	-77.0337
31223	38.90572	-77.022264
31112	38.927872	-77.043358
31224	38.903407	-77.043648
31225	38.90375	-77.06269
31609	38.87675	-77.02127
31612	38.894758	-76.997114
31226	38.916442	-77.0682
31227	38.900283	-77.029822
31228	38.8997	-77.023086
31504	38.932514	-76.992889
31505	38.910972	-77.00495
31615	38.899972	-76.998347
31616	38.900412	-77.001949
31617	38.900413	-76.982872
31618	38.889955	-77.000349
31619	38.890461	-76.988355
31701	38.8692	-76.9599
31622	38.894832	-76.987633
31229	38.91554	-77.03818
31230	38.898364	-77.027869
31231	38.894514	-77.031617
31232	38.897324	-77.022322
31233	38.902061	-77.038322
31234	38.908905	-77.04478
31621	38.895344	-77.016106
31235	38.8923	-77.0436
31236	38.90774	-77.071652
31614	38.899983	-76.991383
31237	38.903827	-77.053485
31623	38.89696	-77.00493
31624	38.897446	-77.009888
31266	38.905607	-77.027137
31304	38.922581	-77.070334
31238	38.898069	-77.031823
31052	38.844015	-77.050537
31240	38.88412	-77.04657
31262	38.897857	-77.026975
31260	38.896104	-77.049882
31014	38.897315	-77.070993
31015	38.8946	-77.072305
31016	38.893648	-77.076701
31017	38.891696	-77.0846
31018	38.892164	-77.079375
31706	38.86559	-76.952103
31261	38.892459	-77.046567
31019	38.889	-77.0925
31113	38.920669	-77.04368
31239	38.906602	-77.038785
31241	38.9059	-77.0325
31020	38.8904	-77.0889
31021	38.8881	-77.09308
31022	38.88786	-77.094875
31242	38.89968	-77.041539
31243	38.887299	-77.018939
31244	38.88412	-77.017445
31625	38.881185	-77.001828
31245	38.912719	-77.022155
31404	38.9418	-77.0251
31506	38.915417	-77.012289
31115	38.928156	-77.02344
31116	38.917761	-77.04062
31707	38.889935	-76.93723
31307	38.930282	-77.055599
31708	38.896544	-76.96012
31246	38.905126	-77.056887
31626	38.88732	-76.983569
31806	38.844711	-76.987823
31035	38.876393	-77.107735
31033	38.8815	-77.10396
31029	38.896923	-77.086502
31263	38.90268	-77.02674
31023	38.885801	-77.097745
31027	38.896015	-77.078107
31628	38.87861	-77.006004
31306	38.922649	-77.077271
31507	38.928743	-77.012457
31024	38.882788	-77.103148
31025	38.88397	-77.10783
31026	38.884734	-77.093485
31247	38.888553	-77.032429
31248	38.888767	-77.02858
31036	38.87887	-77.1207
31264	38.894573	-77.01994
31028	38.893241	-77.086045
31030	38.89593	-77.089006
31031	38.89054	-77.08095
31032	38.880834	-77.091129
31037	38.881044	-77.111768
31034	38.882629	-77.109366
31249	38.879819	-77.037413
31803	38.866611	-76.985238
31038	38.883921	-77.116817
31039	38.880151	-77.107673
31040	38.884616	-77.10108
31508	38.90509	-76.9941
31250	38.903584	-77.044789
31251	38.903819	-77.0284
31252	38.901539	-77.046564
31253	38.902204	-77.04337
31041	38.803124	-77.040363
31042	38.804718	-77.043363
31043	38.810743	-77.044664
31044	38.805317	-77.049883
31254	38.902	-77.03353
31045	38.805648	-77.05293
31046	38.811456	-77.050276
31047	38.814577	-77.052808
31048	38.805767	-77.06072
31255	38.9066	-77.05152
31256	38.895914	-77.026064
31257	38.90088	-77.048911
31049	38.883669	-77.113905
31050	38.884961	-77.08777
31051	38.889365	-77.077294
31258	38.888251	-77.049426
31259	38.894722	-77.045128
31265	38.90093	-77.018677
31308	38.943837	-77.077078
31309	38.954812	-77.082426
31627	38.905707	-77.003041
31053	38.863833	-77.080319
31054	38.857803	-77.086733
31055	38.846222	-77.069275
31114	38.918809	-77.041571
31403	38.956595	-77.019815
31405	38.949662	-77.027333
31406	38.942016	-77.032652
31407	38.956432	-77.032947
31056	38.847977	-77.075104
31057	38.8444	-77.085931
31058	38.860789	-77.09586
31059	38.835213	-77.094295
31060	38.84232	-77.089555
31061	38.848454	-77.084918
32006	38.987	-77.029417
31312	38.90849	-77.063586
31062	38.854691	-77.100555
31310	38.955016	-77.069956
31267	38.908142	-77.038359
31117	38.92333	-77.0352
31629	38.889988	-76.995193
31509	38.912659	-77.017669
31630	38.889908	-76.983326
31631	38.897274	-76.994749
31510	38.927095	-76.978924
31632	38.897195	-76.983575
31511	38.928644	-76.990955
31709	38.884085	-76.957461
31800	38.843222	-76.999388
31807	38.863897	-76.990037
31512	38.903732	-76.987211
31268	38.916787	-77.028139
31063	38.852248	-77.105022
31064	38.834108	-77.087323
31065	38.880705	-77.08596
31066	38.867262	-77.072315
31269	38.887378	-77.001955
31270	38.894851	-77.02324
31118	38.917622	-77.01597
31513	38.918155	-77.004746
31271	38.892275	-77.013917
31272	38.88731	-77.01397
31633	38.887312	-77.025762
31514	38.927497	-76.997194
31067	38.862478	-77.086599
31068	38.856319	-77.11153
31069	38.871822	-77.107906
32001	38.985404	-77.023082
32002	38.981103	-77.097426
32003	38.983838	-77.09221
32004	39.096312	-77.192672
32005	39.093783	-77.202501
32000	38.988562	-77.096539
32007	39.084125	-77.151291
32008	38.98954	-77.098029
32009	39.094772	-77.145213
32010	38.98128	-77.011336
32011	38.983627	-77.006311
32012	38.99521	-77.02918
32013	38.983525	-77.095367
32014	38.961763	-77.085998
31119	38.921074	-77.031887
31634	38.87501	-77.0024
31120	38.920387	-77.025672
31635	38.876737	-76.994468
32015	39.120045	-77.156985
32016	39.099376	-77.188014
32017	39.083705	-77.149443
32018	39.123513	-77.15741
32019	38.990249	-77.02935
32020	39.107709	-77.152072
32021	38.982456	-77.091991
32022	39.000578	-77.00149
32023	39.095661	-77.159048
32024	38.989724	-77.023854
32025	38.975	-77.01121
32026	38.977933	-77.006472
32027	38.992375	-77.100104
32028	38.990639	-77.100239
32029	38.977093	-77.094589
32030	39.102099	-77.200322
32031	39.094103	-77.132954
32032	39.076331	-77.141378
32033	39.102212	-77.177091
32034	38.992679	-77.029457
32035	38.999388	-77.031555
32036	38.997033	-77.025608
32037	39.114688	-77.171487
32038	39.110314	-77.182669
31121	38.923583	-77.050046
31636	38.90706	-77.015231
31710	38.898536	-76.931862
31711	38.908473	-76.933099
31273	38.878433	-77.03023
31070	38.873755	-77.089233
31071	38.86646	-77.04826
32039	38.999634	-77.109647
32040	38.96115	-77.088659
31637	38.899703	-77.008911
31072	38.837666	-77.09482
31073	38.873219	-77.082104
31074	38.869418	-77.095596
31313	38.941154	-77.062036
32041	39.103091	-77.196442
32042	39.097636	-77.196636
32043	38.997445	-77.023894
32044	39.085394	-77.145803
31638	38.900358	-77.012108
31515	38.952369	-77.002721
31408	38.975219	-77.016855
31516	38.920682	-76.995876
31075	38.866471	-77.076131
31076	38.839912	-77.087083
32045	39.119765	-77.166093
32046	38.964992	-77.103381
32047	39.084379	-77.146866
32048	38.984691	-77.094537
31077	38.88992	-77.071301
31314	38.903582	-77.067786
31081	38.804378	-77.060866
31079	38.894941	-77.09169
31078	38.869442	-77.104503
31274	38.898404	-77.024281
31080	38.897612	-77.080851
31275	38.901755	-77.051084
31082	38.801111	-77.068952
31083	38.82175	-77.047494
31084	38.802677	-77.063562
31085	38.820064	-77.057619
31086	38.82595	-77.058541
31087	38.820932	-77.053096
31088	38.833077	-77.059821
31089	38.890612	-77.084801
32049	38.986743	-77.000035
31090	38.864702	-77.048672
31315	38.96497	-77.075946
31276	38.90381	-77.034931
31277	38.89841	-77.039624
31278	38.912648	-77.041834
31091	38.859254	-77.063275
